Blocking
N
Request processing
100
100
10000
100
10
0
0.012999999999999998
0.06000000000000001
0.11699999999999999
0.21000000000000002
0.329
0.45100000000000007
0.6329999999999999
0.8140000000000001
1.014
1.233
1.542
1.895
2.125
2.443
2.8249999999999997
3.261
3.675
4.042
4.5969999999999995
5.1209999999999996
5.703
6.2829999999999995
6.808
7.427
8.029
8.794
9.692
10.307
11.254000000000001
12.221
12.928
13.970000000000002
14.693999999999999
16.125
16.811
18.102
19.169999999999998
20.425
21.962000000000003
22.853
24.044000000000004
24.701
26.095
26.878000000000004
28.970000000000006
30.031
31.174
33.644000000000005
34.729
36.300000000000004
37.673
39.480999999999995
41.330999999999996
43.93600000000001
45.009
46.547000000000004
49.251999999999995
53.863
54.25500000000001
64.185
66.036
68.45400000000001
70.587
73.43299999999999
76.37
77.26299999999999
81.518
83.14900000000002
88.58500000000001
90.125
90.47800000000001
96.734
96.49800000000002
103.51000000000002
102.03900000000002
107.93300000000002
112.28399999999999
114.896
118.60499999999999
121.42500000000003
124.566
122.40500000000002
131.144
134.217
134.894
142.454
144.26299999999998
145.63600000000002
153.816
156.13500000000002
157.099
166.578
166.46999999999997
171.14800000000002
179.766
179.784
185.01299999999998
190.071
194.85999999999999
213.20700000000002
