Blocking (ThreadPool)
M
Client on the server
100
1
25
1
10000
0
129.26
129.46499999999997
131.14999999999998
142.92
156.63600000000002
157.97833333333332
186.2757142857143
207.10250000000002
207.16666666666666
239.69299999999998
264.4099999999999
333.90000000000003
330.63692307692304
422.24499999999995
400.29666666666657
478.404375
277.4158823529412
286.32722222222225
421.28157894736836
312.48999999999995
652.2509523809522
697.2445454545453
743.8726086956522
943.4929166666665
962.7123999999998
