Blocking
N
Request
100
100
10000
100
10
0
48.225
11.921000000000001
16.6
17.96
16.866
19.68
23.821
22.427
30.35
32.238
31.580000000000002
31.208
40.83800000000001
38.945
41.49
47.70700000000001
42.099999999999994
52.25200000000001
46.887
47.988
75.631
61.706999999999994
59.008
61.85
64.38600000000001
66.879
69.381
70.35900000000001
76.26200000000001
72.333
82.32300000000001
83.12499999999999
87.78399999999999
91.421
114.141
104.046
98.648
100.802
103.921
107.833
121.242
139.31400000000002
132.07399999999998
160.968
149.651
147.531
151.575
152.73100000000002
159.454
160.055
209.14899999999997
177.829
175.834
183.56
184.284
194.52900000000002
224.118
189.10399999999998
206.223
216.76799999999997
229.53500000000003
262.802
234.93700000000004
245.625
246.15300000000002
248.189
293.732
257.692
267.277
273.78499999999997
327.746
283.492
288.585
280.88100000000003
337.067
307.096
311.164
348.112
313.81100000000004
326.68999999999994
326.517
381.6039999999999
350.80999999999995
355.677
394.117
367.683
374.046
405.05
388.78900000000004
398.19
438.788
408.5179999999999
442.679
424.858
433.14799999999997
467.784
449.6139999999999
470.29200000000003
480.63800000000003
488.541
