Blocking (ThreadPool)
N
Request processing
1000
100
5000
100
10
0
0.0157
0.05840000000000001
0.1262
0.22010000000000002
0.33759999999999996
0.4673
0.6532000000000001
0.8294
1.0474999999999999
1.2879
1.5431000000000001
1.8356000000000001
2.162
2.4978
2.8665
3.2782000000000004
3.7052
4.157400000000001
4.6386
5.174300000000001
5.7248
6.2588
6.943099999999999
7.5745000000000005
8.2045
8.9621
9.6923
10.526999999999997
11.3854
12.3081
13.162900000000002
14.034300000000002
15.0995
16.2165
17.214900000000004
18.4798
19.633000000000003
20.520500000000006
21.5309
22.9084
24.111400000000007
25.438799999999997
26.9788
28.4095
29.904899999999998
31.362599999999997
32.772600000000004
34.057
35.7117
37.3635
