Blocking (ThreadPool)
N
Request
1000
100
5000
100
10
0
48.4655
9.3041
11.1052
13.7088
18.8065
17.0242
19.846200000000003
21.3318
22.7974
24.1306
31.1664
28.620800000000003
31.058300000000003
37.324799999999996
34.7375
37.4516
44.0008
41.620400000000004
44.5102
49.319199999999995
48.8073
57.782999999999994
53.3895
59.40839999999999
61.2371
65.9125
66.0541
72.22380000000001
70.6715
70.2364
78.43249999999999
79.659
82.70329999999998
85.8014
89.94429999999998
87.6932
92.4482
100.2164
105.1433
106.49269999999999
109.89389999999999
113.90419999999999
115.25339999999998
118.6988
121.13140000000001
125.0838
129.73930000000001
132.0353
137.1746
139.9812
