Blocking (ThreadPool)
N
Client on the server
100
100
10000
100
10
0
0.04000000000000001
0.07000000000000002
0.13899999999999998
0.20700000000000002
0.313
0.441
0.6149999999999999
0.8020000000000002
0.99
1.2040000000000002
1.4710000000000003
1.7380000000000002
2.0199999999999996
2.3419999999999996
2.683
3.086
3.4269999999999996
3.864
4.3469999999999995
4.956999999999999
5.323
6.029000000000001
6.529999999999999
7.162000000000001
7.812
8.713999999999999
9.228
9.913000000000002
10.633000000000001
11.478
12.203
13.173000000000002
14.285
15.675999999999998
16.478
17.736
18.750999999999998
19.948
21.127000000000002
21.9
24.003999999999998
25.431
27.062000000000005
28.080000000000002
29.688
31.903000000000002
34.37
37.253
37.60000000000001
40.27499999999999
42.388
45.923
49.900000000000006
50.513000000000005
53.372
56.227
54.50699999999999
62.04600000000001
64.91900000000001
67.018
72.256
70.628
74.47200000000001
80.564
79.801
82.75899999999999
91.123
95.16600000000001
98.04799999999999
101.73700000000001
98.653
110.70899999999999
112.244
108.768
123.24600000000001
129.20700000000002
133.26000000000002
130.178
140.53199999999998
145.603
141.72100000000003
155.622
157.772
153.95
175.006
175.61599999999999
172.78199999999998
181.996
183.444
199.089
209.23499999999999
207.12499999999994
223.64300000000003
220.075
220.375
231.27800000000002
209.07799999999997
250.73200000000003
240.721
247.95699999999997
