Blocking
N
Client on the server
100
100
10000
100
10
0
0.023999999999999997
0.06000000000000001
0.11800000000000002
0.21000000000000002
0.329
0.461
0.635
0.8150000000000001
1.0150000000000001
1.2360000000000002
1.545
1.903
2.1310000000000002
2.446
2.8259999999999996
3.2720000000000007
3.6799999999999997
4.047
4.603
5.142999999999999
5.729
6.335
6.840999999999999
7.464
8.068
8.843
9.735999999999999
10.380999999999998
11.282
12.327000000000002
13.028
14.015
14.803
16.232
17.042
18.311
19.441
20.647999999999996
22.137999999999998
23.035
24.223999999999997
24.943
26.537
27.099
29.336000000000002
30.213000000000005
31.618000000000002
34.07599999999999
35.382
36.965
38.1
40.074
42.13699999999999
44.667
45.891000000000005
47.534
50.20399999999999
55.215999999999994
55.06
64.185
66.036
68.45400000000001
70.587
73.43299999999999
76.37
77.26499999999999
81.518
83.14900000000002
88.58500000000001
90.125
90.47800000000001
96.734
96.49800000000002
103.51000000000002
102.04
107.93400000000001
112.28399999999999
114.89699999999998
118.60499999999999
121.42500000000003
124.566
122.40500000000002
131.14500000000004
134.217
134.894
142.454
144.26299999999998
145.63600000000002
153.816
156.13500000000002
157.099
166.578
166.46999999999997
171.14900000000003
179.766
179.784
185.01299999999998
190.071
194.86100000000002
213.20700000000002
