Non-Blocking
N
Client on the server
1000
100
5000
100
10
0
3.3287
0.7359
1.2611
17.966900000000003
2.5374
1.4164
0.9605
1.8861999999999999
1.8155999999999999
2.4987000000000004
3.7463
3.7701000000000002
3.0518000000000005
4.3588
4.0558
10.877500000000001
4.5009
6.567800000000001
6.5363000000000016
7.2084
7.3956
8.68
8.750499999999999
11.4489
10.5104
11.578100000000001
15.4113
13.880600000000001
14.459700000000002
17.133
18.0381
19.0115
20.7846
21.2048
21.8585
27.368399999999998
22.9998
24.256099999999996
26.969299999999997
30.1144
32.8874
35.56
38.705200000000005
44.1207
41.964200000000005
44.6585
50.23530000000001
57.4779
56.770799999999994
60.4526
