Non-Blocking
N
Request processing
1000
100
5000
100
10
0
0.014899999999999997
0.06299999999999999
0.12279999999999998
0.192
0.324
0.4553000000000001
0.6265
0.7990999999999999
1.0111
1.237
1.5096000000000003
1.7787
2.0784000000000002
2.4279
2.7979000000000003
3.2257
3.5843000000000003
4.083600000000001
4.5578
5.049300000000001
5.5870999999999995
6.1934
6.8227
7.4637
8.1029
8.8188
9.6617
10.3476
11.122400000000003
12.0207
12.977200000000002
13.798599999999999
14.7422
15.706700000000001
16.753800000000002
17.861
18.6452
19.9118
21.0578
22.256600000000002
23.342000000000002
24.628800000000002
25.980400000000003
27.1714
28.3337
29.7691
31.120800000000003
32.68330000000001
33.8223
35.234899999999996
