Non-Blocking
N
Request
1000
100
5000
100
10
0
12.4246
8.782299999999998
11.4461
33.2879
16.642199999999995
16.7481
23.301099999999998
21.538000000000004
22.841200000000004
24.2369
28.170000000000005
34.1071
30.8043
34.6322
39.8905
44.408500000000004
40.44359999999999
46.8648
46.22539999999999
52.71320000000001
51.6654
55.51690000000001
57.741600000000005
61.133
63.837900000000005
67.43010000000001
67.752
72.8028
71.1151
77.9795
81.3723
80.7247
83.86999999999999
87.8212
90.8306
92.86600000000001
93.89810000000001
98.2574
101.7269
102.75880000000002
112.91480000000001
108.55460000000001
115.8664
118.43620000000001
118.06019999999998
125.6318
130.9563
132.8703
133.1048
136.31149999999997
